477
473
395
379
550
650
496
562
342
273
552
542
414
544
569
506
452
483
423
450
476
521
332
494
437
240
418
462
555
535
476
530
456
479
444
486
568
499
422
400
350
585
465
603
625
469
514
448
518
443
363
451
574
542
652
499
456
364
498
461
523
421
432
378
556
369
549
544
493
390
423
338
578
539
465
412
368
323
626
516
369
496
526
437
591
401
536
372
513
567
365
386
526
520
451
668
445
448
504
378
373
506
470
580
421
608
496
502
620
451
526
495
437
341
453
485
599
509
431
485
411
635
631
405
553
549
530
484
453
464
608
432
388
549
486
509
490
441
418
575
510
617
405
518
561
433
603
448
581
435
448
360
323
491
469
517
463
381
485
463
428
475
405
435
534
442
514
434
575
660
533
446
524
482
646
405
283
563
398
508
526
603
373
509
435
308
341
392
574
377
441
352
503
394
516
602
429
343
570
461
564
461
585
434
526
632
584
535
512
417
482
519
455
376
515
506
471
418
521
439
477
579
586
465
505
394
317
530
516
552
475
525
483
422
392
733
445
477
549
357
377
544
632
639
534
496
570
641
469
594
531
479
520
373
527
486
378
540
548
561
505
558
367
375
545
344
434
373
459
479
386
430
586
571
559
398
521
481
603
516
465
458
354
520
403
478
302
523
435
462
551
322
500
325
556
494
463
371
253
505
521
524
347
455
334
645
301
492
463
438
578
630
536
518
377
496
522
604
393
380
492
505
510
477
496
469
606
435
405
443
515
519
537
504
522
470
507
430
543
485
511
412
485
471
536
471
375
442
590
504
461
596
382
489
487
477
401
609
551
365
480
526
561
602
561
578
479
606
449
442
466
616
402
585
584
532
473
484
509
467
481
426
517
427
457
460
501
469
523
519
547
566
381
396
540
509
476
319
480
562
545
348
471
375
542
385
606
475
601
409
558
425
485
417
403
486
462
353
459
525
575
554
572
686
467
351
511
470
482
430
428
391
461
516
584
384
522
456
370
493
395
479
564
432
591
491
425
398
533
377
537
516
346
464
373
345
341
516
581
409
523
511
366
489
431
543
283
383
572
508
445
464
450
506
516
372
607
319
481
523
504
309
341
496
522
496
497
500
363
492
483
396
506
448
465
392
286
616
477
297
468
477
549
441
600
392
425
564
396
481
376
414
588
476
507
468
396
475
511
655
512
536
432
512
373
569
439
463
397
352
514
461
460
597
416
475
481
542
487
380
508
456
326
462
500
537
428
567
310
660
410
532
407
476
552
396
455
530
295
335
446
386
438
664
472
501
389
561
557
486
534
386
495
532
476
460
597
527
326
486
517
454
354
504
490
381
531
650
531
533
505
430
470
512
520
311
383
518
426
392
540
446
399
502
516
361
424
285
389
551
377
643
651
465
444
476
390
398
470
431
623
440
523
425
267
476
424
546
523
371
427
545
399
421
530
431
440
433
421
493
442
526
533
403
412
547
586
559
468
380
398
480
521
570
500
488
490
486
371
577
417
380
409
445
416
552
428
398
582
403
461
363
499
559
344
474
386
543
352
434
468
369
325
432
443
512
522
561
560
451
488
327
545
524
582
522
451
487
549
459
481
477
458
431
499
542
290
353
518
501
538
338
490
313
578
414
473
549
508
453
558
534
521
508
430
396
532
634
505
388
509
442
442
503
535
491
525
617
527
610
460
518
565
374
378
381
504
441
510
475
533
347
478
490
441
541
543
495
353
551
561
498
463
608
635
480
550
331
436
437
497
457
459
528
526
471
465
644
531
388
491
445
394
551
572
535
429
469
492
461
547
582
290
597
412
462
526
446
511
497
462
440
586
411
603
498
454
443
544
385
425
471
470
491
482
401
553
528
451
487
538
381
363
587
481
556
400
479
529
502
452
431
304
522
405
506
554
348
460
404
558
439
537
517
581
448
471
453
522
589
505
540
381
429
430
531
457
393
603
521
647
490
472
605
547
443
444
311
471
415
491
612
457
344
379
522
373
522
386
408
449
446
409
393
529
487
545
428
414
445
539
487
536
464
446
573
582
440
653
404
365
413
352
478
421
359
705
435
512
480
434
481
457
462
431
407
308
554
555
546
476
450
309
245
349
511
442
557
513
347
531
435
524
539
462
416
606
551
518
505
496
494
484
569
484
493
523
405
482
488
480
450
373
403
544
610
417
445
479
475
447
613
304
396
363
438
693
521
399
426
557
488
380
419
620
466
434
380
482
490
453
323
422
423
513
469
401
521
449
529
521
547
345
425
427
357
399
574
368
628
511
534
476
576
462
472
464
450
518
384
494
391
416
508
512
503
563
389
403
485
597
452
536
634
472
431
436
488
431
499
445
389
371
411
447
403
419
486
495
546
407
484
446
406
432
412
448
495
366
617
468
368
513
366
412
618
427
327
607
469
535
240
478
387
450
477
616
513
474
602
530
498
497
408
520
311
606
465
547
402
400
509
500
437
456
368
405
464
432
460
483
610
519
500
479
475
451
416
548
480
573
588
395
370
524
532
555
408
519
323
382
535
645
414
453
477
396
454
422
508
555
506
546
518
662
575
340
417
311
390
492
498
429
454
550
422
478
420
479
548
417
473
517
482
469
506
548
687
299
371
509
334
487
400
519
418
479
480
522
696
485
537
433
543
491
392
579
481
493
503
439
404
454
524
579
527
439
359
562
533
423
414
455
442
525
472
497
553
426
467
551
467
439
493
531
498
402
527
417
433
502
558
447
601
589
400
578
421
502
500
402
513
403
502
630
400
537
433
599
507
548
544
450
638
441
576
352
501
517
525
564
384
511
544
486
566
532
577
517
521
434
413
566
508
323
406
372
426
547
427
382
524
339
429
336
517
502
528
596
522
462
567
475
431
507
633
332
510
486
519
364
309
502
557
629
496
430
550
495
393
541
570
439
555
351
452
384
536
447
532
446
539
437
505
427
475
481
291
364
381
484
518
512
402
567
416
434
512
486
469
501
299
558
390
601
533
577
382
553
356
532
403
354
471
505
544
425
531
394
392
528
396
500
382
357
585
310
455
530
467
577
589
510
432
503
540
431
591
545
397
389
396
572
415
449
395
430
385
522
361
466
337
483
365
574
403
500
473
522
427
445
395
587
490
565
374
640
427
294
625
413
620
427
557
450
419
476
627
426
505
456
514
458
591
611
463
562
402
585
541
670
291
348
538
603
526
509
658
525
359
419
541
338
623
467
579
633
426
490
510
450
411
488
520
540
422
422
396
596
466
473
583
536
557
459
330
385
397
560
508
673
575
440
498
437
429
519
483
532
346
521
516
495
538
594
404
435
320
504
457
497
454
513
395
227
657
448
561
468
473
501
547
542
593
563
390
393
319
662
405
509
348
306
406
300
374
480
556
578
413
347
412
646
527
455
310
425
460
536
439
380
507
473
435
364
306
415
588
481
429
500
523
491
480
591
390
399
492
527
529
511
417
466
571
647
412
559
460
465
504
445
524
428
219
535
552
457
326
596
415
422
423
689
503
345
432
477
396
676
487
457
514
579
550
558
477
576
406
515
480
412
488
532
391
415
498
628
450
455
392
688
565
524
556
521
389
338
453
393
473
412
528
408
403
391
486
269
366
457
297
755
546
410
510
403
451
520
404
481
697
549
389
541
417
424
439
380
552
550
299
473
287
540
533
448
342
527
471
431
422
591
560
498
593
434
429
588
445
418
437
540
384
604
457
467
432
387
478
599
583
419
340
517
522
480
388
476
580
463
449
509
539
527
536
646
400
543
318
495
426
358
462
533
595
402
384
532
505
601
494
359
420
535
377
474
534
549
445
451
626
453
517
616
693
455
558
460
436
584
499
586
459
432
454
502
542
620
469
470
540
457
492
439
597
324
323
466
400
332
492
483
588
335
439
367
357
441
493
588
479
567
482
564
409
355
511
423
394
514
345
289
466
609
481
654
474
498
456
495
540
259
402
418
576
382
488
493
378
551
516
482
785
333
594
550
347
574
472
484
431
313
536
561
533
520
585
444
648
493
556
544
483
413
568
404
546
503
569
370
389
556
423
494
595
552
436
484
455
555
515
544
430
462
538
429
540
553
329
519
359
539
372
338
580
427
456
584
579
466
458
407
453
458
502
267
442
554
539
454
460
511
368
591
555
587
557
573
562
556
487
496
518
517
346
586
540
373
509
528
597
486
464
475
521
508
353
440
450
551
451
483
459
434
398
330
565
565
411
464
416
478
533
531
507
490
574
479
502
528
477
488
481
457
552
618
493
531
334
495
529
385
416
502
406
458
578
509
429
549
637
364
414
471
586
509
440
396
455
482
473
541
499
566
530
448
443
470
405
518
464
437
487
520
534
474
500
683
665
452
399
637
521
365
413
437
379
417
617
528
624
472
410
427
420
353
497
386
170
506
382
499
506
518
568
403
486
452
317
400
326
562
582
387
371
463
447
534
376
647
610
487
442
529
487
430
360
532
557
461
392
484
505
553
433
434
453
474
474
462
557
600
516
558
404
492
454
433
461
582
402
345
507
586
434
537
497
376
561
468
506
388
391
383
510
417
464
442
660
658
546
454
388
590
546
522
654
480
504
604
571
385
504
516
550
487
493
525
354
457
329
473
633
479
430
474
532
575
393
628
459
392
587
388
530
628
421
357
484
365
431
327
537
316
410
282
368
367
387
521
656
435
459
597
429
533
387
519
428
467
426
672
431
455
520
385
528
513
330
338
311
471
401
551
544
504
548
386
408
363
481
504
386
408
494
348
409
364
331
576
404
540
427
458
449
474
429
401
494
527
413
381
562
430
481
422
548
443
542
461
554
545
406
501
533
330
490
447
420
484
369
492
420
480
624
517
366
478
416
481
238
440
427
455
535
366
540
454
387
434
505
484
391
351
482
507
593
459
443
415
584
479
637
479
544
550
359
558
472
525
511
474
481
481
489
425
576
527
496
391
646
575
386
639
389
435
329
540
544
587
450
548
530
545
499
420
453
491
440
381
636
555
404
459
417
629
421
481
534
511
318
504
368
402
635
528
566
514
375
346
619
363
449
508
506
529
428
577
453
498
621
481
362
530
468
592
411
472
415
486
441
432
573
483
499
517
462
553
508
440
327
518
368
524
424
490
342
508
509
446
343
511
553
400
643
536
541
581
487
481
362
580
391
476
625
352
365
663
500
470
492
428
472
509
623
613
435
584
516
466
355
545
395
371
276
312
419
423
513
398
362
420
499
333
444
459
514
648
511
413
404
605
542
337
544
519
647
429
596
437
461
429
298
457
438
481
413
381
447
546
347
544
473
408
298
445
438
489
510
299
474
522
379
502
455
382
439
565
389
383
552
482
509
307
491
329
470
530
492
497
314
464
514
508
414
571
575
358
409
407
559
478
542
444
368
400
290
495
422
399
473
447
476
405
353
373
437
435
431
573
478
461
568
365
514
274
574
512
411
496
476
461
469
463
462
530
451
612
460
540
497
503
481
444
398
404
547
496
565
362
560
543
484
481
558
366
399
449
489
475
361
401
520
728
357
468
371
456
563
593
463
588
728
426
624
443
415
438
495
358
346
476
513
611
428
571
554
457
464
520
342
535
430
274
462
555
495
459
513
398
359
383
305
578
529
418
475
430
448
621
474
454
532
428
419
502
437
476
477
442
532
522
529
364
457
361
414
488
475
480
472
566
503
396
533
461
390
427
493
291
561
432
404
634
507
580
410
522
387
450
592
541
456
357
277
351
604
309
397
445
524
461
475
396
420
449
496
446
702
483
369
583
485
475
347
582
610
465
367
329
471
556
400
508
539
394
513
448
575
460
433
601
419
410
571
373
395
539
571
558
410
607
555
575
461
432
486
352
441
606
581
423
556
585
407
412
534
464
326
461
570
515
421
458
392
508
409
502
320
334
412
444
418
510
388
453
570
518
497
522
432
488
570
384
450
528
550
463
483
459
420
517
609
485
379
648
455
399
423
484
480
412
624
368
458
573
430
346
359
420
402
434
614
475
575
478
523
307
403
512
581
503
459
560
488
577
471
430
546
377
422
463
421
498
371
476
380
462
529
712
450
448
550
442
590
375
402
453
429
489
607
419
493
509
426
434
390
561
513
509
469
429
507
601
472
595
474
421
555
519
468
475
441
560
451
548
317
494
464
568
629
397
375
474
469
436
615
511
530
507
454
329
501
387
486
462
398
611
491
453
495
382
468
502
537
543
375
446
440
377
445
432
549
499
468
472
540
508
450
413
510
343
561
400
537
438
468
521
514
536
457
392
378
389
443
531
508
499
507
485
498
597
347
537
594
406
485
428
419
448
512
539
432
439
552
373
452
569
398
593
432
394
387
508
444
410
437
631
474
456
347
386
441
286
505
397
360
519
455
386
440
554
390
523
433
459
403
575
520
473
483
431
516
352
439
495
412
458
453
520
429
523
454
372
596
411
467
467
382
430
529
438
514
477
454
342
418
379
544
425
550
453
511
540
552
465
512
575
460
520
455
598
306
523
527
555
451
399
482
504
524
465
508
511
339
388
529
505
403
448
593
462
338
409
519
417
573
414
735
503
479
494
482
637
384
423
477
478
387
559
404
436
488
559
528
556
610
516
445
458
411
403
480
430
318
499
522
522
581
467
559
522
434
434
471
555
470
384
430
391
431
572
273
508
479
474
298
333
412
630
553
320
520
452
502
523
362
384
393
408
514
566
555
517
484
335
579
410
475
338
419
485
387
504
311
389
425
559
463
431
443
534
527
483
524
408
378
602
465
458
375
438
376
525
513
478
489
442
388
460
419
528
545
484
430
488
532
554
510
355
511
480
407
537
529
361
450
485
485
479
528
540
391
348
476
426
449
492
570
511
395
490
447
485
383
618
444
484
439
531
549
585
457
536
475
665
488
524
510
418
717
483
446
390
493
389
497
359
452
563
399
529
352
307
555
427
414
519
519
435
623
516
525
517
442
324
392
515
419
500
327
383
495
482
356
545
453
513
284
358
603
618
519
320
538
402
301
532
279
570
479
507
576
454
301
480
544
420
469
662
511
371
567
499
393
569
560
514
363
401
485
542
469
355
463
374
484
389
487
374
412
493
512
505
344
393
470
481
491
551
486
391
584
464
359
371
436
460
489
568
551
552
481
476
540
426
367
537
387
402
408
608
474
368
367
519
577
573
398
476
453
515
432
473
390
414
431
487
507
546
615
420
521
476
492
686
354
459
513
483
406
298
518
562
591
592
327
439
530
525
429
506
303
459
401
493
381
419
561
331
373
378
391
334
442
492
632
590
480
507
364
457
499
436
325
496
591
500
452
413
526
536
422
568
413
644
410
597
469
469
493
547
425
384
356
630
395
485
291
478
505
443
367
479
306
358
436
565
524
491
472
590
470
425
417
501
594
446
392
355
413
299
575
675
535
424
450
461
473
381
599
571
301
456
486
348
455
516
603
582
486
552
356
373
377
455
553
386
304
535
201
490
550
491
447
586
467
458
470
528
431
359
407
593
386
564
496
350
500
468
607
456
473
486
397
416
489
397
518
481
461
485
602
421
355
556
544
588
463
424
468
531
535
403
420
446
471
491
658
516
533
370
493
457
468
520
366
388
468
568
478
578
477
569
506
514
361
328
546
453
498
605
471
522
500
540
450
436
553
371
595
429
446
523
623
548
483
299
487
602
605
494
554
409
632
588
530
361
371
481
577
460
608
397
336
404
358
501
372
448
565
516
436
388
579
477
444
406
407
403
456
549
377
384
400
490
475
374
580
551
492
380
322
518
374
348
378
472
347
627
543
459
459
387
547
461
514
540
353
427
343
519
568
533
585
534
481
507
558
330
484
378
403
369
514
392
521
402
477
528
422
435
455
326
309
371
452
367
538
447
376
457
494
528
451
469
576
440
383
485
450
405
413
423
468
537
549
514
355
450
504
413
560
528
344
598
485
497
401
436
424
419
427
427
385
450
560
469
513
466
553
481
507
428
423
455
433
476
450
575
391
541
408
452
567
376
594
412
515
495
531
476
499
600
584
407
486
542
568
568
547
520
369
537
364
417
460
506
379
575
472
536
390
267
351
472
420
587
520
527
520
342
490
492
644
376
466
428
494
498
534
400
450
436
514
455
498
492
441
388
369
536
443
586
501
464
459
459
511
447
382
332
518
549
550
449
525
421
428
442
393
498
641
489
476
412
498
463
420
601
540
467
515
424
477
460
513
391
445
587
549
421
463
522
365
533
432
461
433
406
310
497
455
543
535
427
395
398
412
536
437
300
442
457
351
571
535
512
331
386
456
536
495
486
488
560
446
494
398
397
388
381
457
432
523
508
393
556
574
439
382
408
505
417
422
377
557
397
385
478
424
337
425
551
557
375
600
485
559
490
536
536
419
521
426
485
446
474
339
467
413
363
507
558
532
635
311
486
530
484
453
510
493
522
436
381
396
526
476
417
623
511
568
545
496
573
338
533
428
437
583
458
490
495
522
409
412
465
504
504
337
507
574
584
341
439
435
532
568
473
707
572
498
428
406
451
476
502
540
434
402
413
522
471
614
475
513
376
476
419
399
392
471
534
506
406
303
375
428
519
650
536
371
437
435
542
423
614
618
469
595
580
564
473
485
499
551
536
499
508
382
453
494
470
479
504
431
540
497
490
469
407
385
429
505
416
375
507
441
330
359
393
542
500
620
467
502
499
467
559
532
434
469
324
368
474
484
512
454
545
494
291
577
490
457
553
469
542
495
523
490
470
533
461
555
430
504
657
506
507
518
388
554
425
563
496
441
513
479
477
399
524
416
517
673
324
513
639
486
507
427
461
506
524
611
616
451
540
539
396
480
439
594
331
502
476
417
522
577
560
540
540
529
437
432
473
464
564
518
536
446
421
464
575
579
550
622
377
485
564
489
462
596
436
497
490
449
298
425
609
537
541
623
383
557
579
429
441
375
421
487
429
515
477
580
565
630
474
474
373
417
550
483
384
435
601
495
496
308
478
480
468
517
389
524
411
561
533
443
561
391
555
398
464
432
390
588
501
481
521
348
472
566
338
446
577
484
410
649
383
631
374
481
488
543
468
387
510
402
434
514
330
585
576
498
471
412
550
506
467
460
291
477
536
411
441
484
484
697
431
429
592
373
431
448
473
568
364
597
502
630
507
479
497
580
489
487
515
458
491
421
480
375
438
611
426
503
417
401
585
520
441
524
462
510
558
310
560
429
397
574
459
391
461
500
590
369
458
535
460
556
571
456
461
476
430
531
430
360
624
581
425
633
365
434
464
497
502
428
609
478
347
357
435
472
645
460
491
548
650
370
392
595
470
429
596
545
528
442
668
351
362
561
511
469
539
603
439
582
560
424
578
436
569
461
456
390
461
497
433
564
416
415
478
561
530
566
502
527
459
470
522
511
412
445
588
478
525
503
523
473
540
557
503
376
491
460
365
438
420
381
442
287
459
613
553
523
519
439
449
393
398
647
432
470
453
289
466
573
506
426
519
488
366
487
351
497
598
523
517
451
594
519
403
414
486
430
510
532
526
411
496
529
472
605
518
485
486
478
514
527
402
594
520
442
574
535
423
588
534
449
474
567
510
635
588
638
372
503
541
591
512
369
676
404
261
493
458
499
473
424
639
448
654
408
542
526
484
482
614
465
601
479
450
511
564
441
586
449
508
515
415
470
503
550
587
429
535
542
550
379
531
490
485
593
450
502
538
382
437
419
501
537
423
450
422
670
478
457
427
563
514
465
482
525
484
580
455
338
504
458
388
510
535
450
548
596
507
391
461
373
607
449
480
297
256
345
570
532
495
503
477
477
430
503
582
350
326
550
417
468
508
358
514
588
547
516
482
431
623
650
475
442
499
435
500
506
638
376
490
467
629
562
534
486
309
570
492
424
564
529
563
551
306
498
409
389
517
519
500
418
511
433
407
475
517
579
416
425
459
433
379
503
557
348
515
414
456
547
474
539
375
357
519
614
480
576
378
337
417
369
725
389
554
632
445
449
523
589
450
492
428
496
503
514
448
561
400
443
446
541
499
459
549
519
544
391
482
406
526
394
423
448
497
571
508
431
369
583
442
341
569
465
338
482
571
226
636
408
494
636
640
472
412
376
381
459
446
477
363
415
453
452
379
422
566
440
530
557
677
602
389
543
563
393
340
475
548
351
465
440
637
501
425
590
415
470
501
484
517
438
550
389
282
505
558
378
530
593
577
393
607
429
387
563
417
307
627
503
506
447
419
514
472
420
349
582
418
512
552
378
444
560
475
400
508
455
496
639
449
562
423
514
567
391
461
380
589
438
389
478
561
400
639
395
405
532
474
526
379
498
329
563
489
614
450
571
421
615
494
370
520
425
523
554
442
452
508
278
368
585
410
451
488
406
533
492
536
558
561
421
527
472
535
402
534
636
474
438
448
461
538
563
471
441
436
456
541
437
405
549
433
555
405
488
499
418
604
504
535
550
683
360
516
508
422
432
528
578
430
406
549
507
563
424
629
519
349
458
590
441
505
586
455
498
465
423
532
604
415
498
373
469
335
508
541
423
511
499
386
651
559
408
462
526
605
468
369
412
406
407
493
416
382
377
552
426
508
657
514
512
505
504
399
562
502
446
349
510
623
489
480
313
612
441
438
522
427
469
551
521
327
584
489
511
431
269
401
349
513
414
413
358
540
368
395
502
593
510
490
516
456
410
424
671
418
340
496
483
449
403
582
445
491
499
663
504
497
485
478
329
582
493
430
600
462
678
487
456
439
402
588
403
493
334
476
493
424
508
516
354
473
527
482
501
601
564
560
623
477
381
373
465
371
588
524
359
644
415
516
500
583
623
483
593
508
497
459
396
376
281
508
296
515
410
530
372
420
392
411
425
585
508
548
436
592
436
415
380
573
529
494
517
375
571
578
567
359
435
549
436
484
487
438
411
547
507
376
502
420
481
562
441
513
536
465
405
277
581
323
464
356
502
582
415
333
346
397
605
485
573
403
401
344
565
440
576
627
485
528
433
435
552
530
540
466
421
603
666
499
453
477
454
467
443
485
470
530
501
430
413
578
596
519
281
612
495
425
525
420
584
387
630
549
607
498
288
451
486
427
494
647
519
382
377
442
485
491
467
498
465
533
412
501
493
555
456
342
361
248
611
475
423
490
474
499
570
605
579
405
378
485
544
570
541
550
546
481
630
499
519
499
511
403
371
491
404
487
382
538
387
450
511
553
348
381
471
406
506
358
434
550
413
474
470
531
687
343
585
410
454
497
411
458
460
491
318
359
456
390
551
635
282
678
482
365
492
346
543
539
509
482
547
385
494
445
555
563
464
552
443
434
413
293
612
508
476
391
484
543
502
397
424
503
478
619
451
572
453
475
507
511
452
488
371
473
405
484
429
602
434
615
487
576
428
420
505
462
626
326
585
378
420
500
596
519
414
567
473
373
434
432
455
437
519
442
393
449
453
480
511
362
574
475
194
389
471
620
382
522
485
315
482
437
490
477
517
437
535
262
473
419
420
510
423
460
657
377
444
504
466
451
522
438
487
510
514
408
514
349
427
512
486
422
566
611
532
556
516
463
462
648
447
483
654
404
372
306
412
619
648
533
592
433
302
622
435
518
523
461
458
554
423
484
430
578
504
364
370
418
416
525
419
462
539
531
614
573
398
519
456
557
594
437
515
638
378
497
591
391
608
385
434
591
528
457
363
495
326
499
359
478
567
645
408
411
525
494
522
422
457
340
357
414
435
557
502
498
288
595
501
521
493
284
491
617
500
547
407
260
464
288
418
529
577
441
483
516
471
545
497
578
534
548
232
517
459
489
575
482
504
571
494
473
492
488
507
580
627
423
486
566
554
457
539
460
605
537
488
343
289
449
397
529
412
428
695
665
303
503
501
427
334
320
495
593
394
608
588
335
368
479
426
554
426
479
406
521
562
612
514
384
423
630
478
501
519
561
629
488
525
568
476
413
559
467
388
582
491
406
494
470
385
434
379
501
491
524
414
336
419
533
423
463
527
427
489
449
528
462
408
507
492
409
538
443
537
472
617
410
541
339
416
456
540
542
466
586
401
455
480
381
443
404
518
544
496
550
535
514
451
593
416
510
422
490
562
651
515
493
424
532
483
456
516
463
694
407
590
391
566
317
549
383
392
457
382
423
489
347
431
390
469
433
527
395
501
471
487
286
479
577
433
361
369
322
526
473
406
501
475
390
356
346
423
476
561
431
614
377
505
481
290
592
557
470
516
432
541
502
487
458
408
527
338
472
470
553
350
408
479
373
674
539
409
481
461
602
499
548
402
432
457
575
513
422
392
418
405
507
448
429
505
525
293
461
512
418
443
326
476
348
590
400
476
463
391
343
454
601
539
436
413
437
454
501
528
549
369
487
517
521
525
400
373
414
452
579
439
350
433
426
615
545
480
462
444
440
400
354
316
597
524
504
520
351
544
450
383
530
532
428
333
480
395
422
558
440
412
580
386
493
498
568
408
509
327
408
439
515
505
370
484
627
568
495
510
386
461
521
420
435
520
456
497
460
492
487
482
533
489
434
453
511
613
387
451
518
440
499
445
411
335
508
475
475
531
458
463
398
452
456
401
506
326
502
546
481
545
582
375
463
457
547
473
458
537
512
571
505
589
493
594
540
473
382
566
626
511
564
444
571
412
428
489
303
436
359
607
461
521
629
401
663
393
452
306
535
462
357
562
426
323
365
473
549
598
436
328
484
594
354
335
381
560
534
349
585
496
463
673
303
404
487
353
539
444
480
643
559
472
442
483
520
375
547
537
487
556
575
400
401
487
615
551
512
557
448
498
512
485
445
380
510
317
440
400
396
450
576
479
476
509
495
555
525
601
460
451
358
473
606
572
468
437
427
507
482
588
543
525
483
532
589
519
575
574
617
509
274
509
354
539
520
475
489
645
375
432
443
365
474
584
499
467
488
381
434
349
627
541
656
471
403
544
632
368
388
385
615
427
489
411
383
408
491
411
632
496
490
426
369
485
422
469
410
457
516
407
632
198
404
477
400
415
400
438
501
335
736
506
432
574
376
441
431
426
395
555
415
462
378
489
502
486
472
481
576
438
530
407
364
461
481
451
607
425
476
559
401
582
588
493
424
421
341
465
537
593
403
464
491
455
404
435
541
393
520
515
421
453
326
416
334
410
360
402
501
403
347
436
360
563
505
605
543
554
447
516
423
510
643
635
315
381
592
452
546
535
468
438
500
496
496
468
460
550
425
502
522
407
508
430
485
497
599
584
475
388
442
598
482
574
430
526
403
479
517
431
369
454
485
432
463
536
424
581
424
571
573
490
567
423
384
380
423
463
499
453
542
347
538
514
535
340
468
502
509
452
507
501
639
545
404
403
552
449
382
569
337
444
476
544
490
414
506
658
534
640
655
363
580
472
555
502
385
495
400
476
372
527
674
390
488
518
517
377
436
328
600
458
391
528
460
440
473
438
478
625
486
524
484
507
530
660
441
624
434
580
339
505
529
373
461
393
530
415
537
600
593
552
496
360
542
482
264
359
500
401
525
414
464
492
478
385
445
360
578
407
393
600
482
499
519
570
370
667
427
562
612
476
562
661
578
518
507
384
357
286
466
576
354
501
393
427
594
614
486
493
404
365
506
416
477
499
572
383
428
485
466
499
620
561
640
489
488
539
430
491
554
410
528
475
519
479
553
527
331
604
480
455
467
550
445
511
499
611
427
350
311
467
511
482
515
434
565
388
534
444
516
472
632
388
576
479
618
493
580
412
427
517
598
602
388
485
412
444
378
532
524
426
376
431
403
612
439
647
407
380
500
491
428
548
476
458
690
361
517
700
337
365
607
467
552
437
405
419
539
497
444
453
455
525
276
458
562
562
329
573
448
544
500
496
540
455
436
462
419
512
548
501
356
380
600
571
446
506
558
543
423
581
492
388
422
482
592
519
406
407
280
462
417
448
447
551
555
461
596
520
559
439
460
603
416
429
478
573
496
556
465
546
540
439
434
553
412
424
299
509
342
614
586
437
438
387
421
323
417
317
462
427
543
532
547
558
477
512
495
432
483
508
463
402
468
478
469
352
410
510
478
581
503
421
408
410
322
449
366
588
545
543
358
524
521
451
551
436
485
479
334
397
506
451
513
434
449
478
437
445
492
478
501
479
490
591
614
379
346
411
522
446
592
532
534
527
387
512
497
460
402
598
543
488
472
521
535
625
312
553
476
512
573
332
394
453
535
431
481
465
450
397
463
418
433
513
356
464
438
462
528
481
531
490
558
366
397
581
447
600
457
472
649
564
532
377
394
512
354
578
625
565
488
519
377
419
422
416
513
250
469
425
489
550
403
423
561
652
476
446
451
570
480
545
460
475
502
361
482
571
532
628
404
569
536
534
601
506
383
440
438
483
469
478
590
463
359
355
542
397
596
420
409
551
279
534
633
389
365
439
407
437
470
387
482
488
511
483
445
503
460
424
600
503
445
430
370
510
592
694
428
562
372
445
326
470
436
448
547
464
383
496
470
466
470
452
454
248
348
434
432
434
494
384
542
320
493
433
398
565
498
539
468
301
425
412
426
334
583
627
521
433
449
417
519
487
500
539
535
531
437
575
441
533
524
570
528
593
502
546
649
691
586
454
394
422
565
545
410
530
582
493
498
485
510
343
456
475
556
545
531
375
464
418
458
517
545
488
399
512
477
480
354
492
415
571
518
437
446
394
545
462
455
567
537
294
497
587
492
448
519
596
420
465
667
394
449
477
430
550
391
414
613
607
359
475
521
413
305
391
502
423
423
425
511
472
488
286
421
537
512
452
406
385
421
575
657
487
591
552
522
510
469
411
506
489
449
528
470
552
356
387
457
431
476
465
523
619
525
646
620
432
501
487
398
543
509
477
535
353
245
556
418
489
419
499
703
546
516
424
432
528
413
563
258
469
499
460
480
474
378
396
508
495
489
551
450
334
520
446
415
451
416
430
454
470
484
400
553
579
600
430
421
372
560
491
421
517
459
387
340
459
487
462
459
499
542
429
476
544
476
352
386
453
442
493
400
437
529
484
501
449
448
475
431
419
478
531
427
508
523
523
381
435
478
451
607
494
464
585
567
457
434
379
500
515
636
364
611
544
389
401
505
479
483
380
456
518
653
527
536
413
599
531
338
470
492
434
450
449
524
409
584
371
431
308
407
518
582
541
486
496
441
650
561
405
534
308
501
403
460
388
533
513
347
546
366
626
418
443
471
596
443
510
546
435
412
434
421
404
359
539
569
627
472
469
676
680
429
506
594
366
579
467
529
478
462
554
576
546
526
497
418
480
460
425
528
614
480
503
508
487
416
554
565
367
435
429
255
548
480
365
402
478
275
431
423
533
507
434
505
417
493
525
504
306
476
484
484
560
383
498
511
429
380
517
500
407
454
438
721
584
554
407
460
508
544
434
497
631
601
501
552
451
448
433
489
609
653
553
438
525
265
517
566
515
484
478
425
447
356
370
404
516
520
591
461
454
597
467
507
360
487
633
394
400
386
431
532
519
533
545
526
496
632
502
451
518
575
558
532
525
461
535
464
465
499
481
560
552
430
539
450
598
567
472
455
400
366
523
418
366
452
504
439
515
533
372
483
378
489
428
611
515
536
596
477
403
412
433
449
621
431
508
415
431
389
533
474
588
455
417
527
510
528
483
442
479
518
428
455
519
368
379
451
483
440
397
530
542
483
306
628
350
425
402
563
482
379
433
456
339
493
467
444
637
345
283
487
523
501
482
461
379
479
391
646
398
517
381
449
463
528
548
488
493
516
530
424
337
465
544
382
428
506
512
518
484
448
555
395
351
421
553
447
553
375
342
403
435
352
395
483
358
504
534
369
573
626
423
444
475
494
370
530
526
562
432
479
297
470
460
411
424
363
383
402
483
557
314
545
486
360
449
515
453
464
444
529
397
394
357
487
365
696
468
490
540
516
426
437
491
350
562
479
493
389
506
301
536
449
478
314
425
351
473
536
353
653
464
452
374
485
440
600
449
414
426
526
480
593
529
457
515
464
535
522
451
398
489
525
469
510
446
517
363
385
441
483
294
459
358
416
401
292
445
518
458
575
519
294
473
440
625
478
493
608
447
491
495
366
461
557
326
589
567
461
386
570
603
449
574
588
470
461
642
586
399
454
535
541
607
543
452
600
278
413
391
535
478
569
387
356
548
476
538
648
533
542
529
535
432
366
424
453
443
446
528
587
540
403
562
535
570
319
428
514
511
413
544
445
477
502
445
392
631
438
390
502
496
459
509
463
417
542
639
429
432
539
729
415
499
421
447
496
487
477
311
507
390
362
442
508
550
538
322
601
453
532
597
511
339
444
425
533
429
587
466
543
475
486
425
490
484
549
494
515
382
431
596
536
469
517
535
357
463
310
404
438
609
503
611
472
549
580
501
529
395
405
417
458
442
463
468
478
591
461
545
661
505
543
550
450
526
387
537
410
591
446
534
551
598
398
345
646
476
498
483
430
513
596
453
471
512
504
462
416
469
432
468
437
412
437
442
582
489
465
472
546
514
594
602
554
414
419
537
444
459
552
548
438
471
500
352
423
377
501
531
404
417
380
572
515
442
719
459
436
491
510
469
628
564
435
489
582
349
428
443
434
463
413
372
484
513
383
400
551
507
479
539
450
600
419
416
467
531
597
475
402
466
487
462
454
631
353
457
509
474
485
508
420
499
438
389
562
551
414
491
487
468
397
538
653
436
537
436
576
435
569
311
490
398
609
557
500
416
408
471
444
455
485
483
496
485
416
499
496
595
545
551
513
449
551
513
484
574
487
311
440
592
481
438
393
498
425
383
330
544
579
469
436
399
359
472
426
446
493
388
504
411
612
467
487
342
438
386
445
369
451
590
571
609
411
567
533
482
485
474
267
433
428
545
540
401
522
620
433
534
525
324
267
508
479
533
400
569
329
540
575
454
466
537
479
411
364
452
449
597
524
432
448
490
450
595
483
586
581
398
393
408
558
342
292
484
507
452
478
486
489
471
525
536
511
573
476
465
422
474
507
544
389
455
480
572
456
369
570
532
421
436
485
415
420
574
542
615
597
490
543
443
539
569
523
539
477
535
584
638
567
500
390
428
578
502
422
403
421
407
336
505
483
609
430
525
431
578
614
404
372
620
515
585
329
502
467
380
464
278
360
412
533
407
441
475
600
467
363
408
579
437
367
447
484
474
519
415
370
446
465
572
361
313
500
457
538
302
516
559
584
551
520
497
448
472
290
410
354
447
486
484
325
504
395
506
508
414
494
375
441
496
424
599
341
389
491
347
490
544
502
431
495
450
456
326
415
536
466
480
412
548
527
554
579
516
472
356
359
464
233
411
539
628
517
468
551
341
400
480
429
555
561
292
535
449
505
392
443
602
482
537
496
583
466
534
434
484
462
405
405
563
473
547
396
555
516
503
493
471
495
502
559
515
480
465
484
426
503
499
597
435
481
440
394
447
405
485
494
452
564
333
428
457
280
511
461
405
501
483
363
552
353
446
376
539
441
640
312
434
482
349
325
594
507
570
582
386
609
356
382
471
419
468
449
408
489
466
606
577
495
548
499
459
402
499
465
492
465
651
377
407
434
394
614
508
628
511
420
542
656
583
579
490
363
506
450
549
467
378
533
543
507
483
542
444
399
572
384
465
695
528
438
426
526
420
569
411
389
390
576
343
501
498
500
492
589
461
630
565
492
454
354
457
372
452
455
705
423
543
620
445
529
573
579
453
546
551
318
366
416
405
587
337
493
548
563
502
349
425
406
537
553
478
464
399
601
553
509
375
449
518
529
446
351
521
356
345
481
460
468
511
523
556
537
449
565
486
409
274
472
412
358
470
572
468
347
457
491
567
471
463
571
425
442
326
529
390
334
393
498
557
558
469
603
498
474
515
542
523
523
488
300
459
490
454
387
470
431
475
353
398
458
532
406
524
437
421
451
304
538
470
447
413
384
639
375
363
599
546
528
405
462
464
598
507
529
545
431
395
396
447
435
513
599
483
498
437
327
431
287
409
426
446
520
366
412
434
417
450
484
673
383
366
507
291
502
505
419
492
437
513
588
327
586
410
391
367
463
612
567
437
319
399
441
481
613
567
515
620
561
464
509
519
621
404
484
466
467
455
410
609
431
469
522
471
546
462
402
502
416
491
431
565
458
598
545
358
381
468
415
440
436
305
520
360
398
488
435
508
465
588
367
370
435
488
411
392
329
354
423
385
509
493
506
538
520
508
439
556
616
477
519
518
488
405
581
262
601
350
549
586
539
505
442
541
444
266
432
458
526
421
487
710
485
469
534
608
508
394
467
620
338
537
616
311
356
391
417
492
417
516
458
499
344
503
516
486
468
424
497
400
508
629
381
546
431
622
520
508
542
463
472
540
441
517
285
574
382
380
441
488
536
449
594
502
498
529
539
369
577
457
722
362
458
554
384
450
316
384
574
494
521
469
402
500
479
472
588
526
378
533
488
590
497
501
456
378
633
489
423
473
384
403
571
502
387
517
609
472
659
364
482
538
412
486
311
598
488
409
432
510
495
569
496
453
517
460
435
519
393
467
504
499
448
470
507
463
636
394
547
519
415
366
400
503
646
374
434
506
426
539
504
442
395
487
464
563
426
625
642
390
404
609
341
357
486
548
517
531
386
357
459
527
526
567
585
544
374
520
476
472
436
456
452
495
375
614
357
459
376
490
528
481
458
499
497
440
493
503
378
474
364
418
409
528
537
595
654
402
591
418
453
412
451
489
340
494
472
477
666
479
494
501
564
350
457
416
279
415
498
406
568
536
557
553
464
663
556
426
513
478
561
418
480
500
381
351
481
514
481
488
455
479
439
618
445
418
624
449
443
424
606
391
568
537
463
571
469
381
488
624
498
617
407
481
551
541
503
439
544
303
584
567
535
501
447
424
426
347
455
530
368
472
480
442
572
382
620
512
334
510
443
476
450
543
451
346
530
526
626
449
521
422
431
492
386
489
529
419
397
537
435
471
515
510
474
463
458
484
422
401
547
476
498
487
374
477
403
465
627
589
212
527
559
577
504
409
589
531
410
527
445
508
293
624
405
491
362
479
548
444
512
599
460
447
521
341
575
429
437
452
522
377
338
500
578
358
512
407
496
458
437
452
448
520
515
503
511
525
519
499
480
521
555
473
539
405
731
570
449
463
440
499
566
364
441
485
459
466
603
444
533
571
475
596
528
360
352
524
489
359
477
491
570
538
488
496
646
430
405
411
374
429
390
505
388
518
619
448
348
432
495
490
480
309
327
423
711
419
439
559
485
489
483
452
421
496
517
451
428
555
558
481
627
613
465
482
461
452
439
427
517
410
449
383
393
480
401
435
450
447
376
347
519
309
478
500
459
539
498
463
409
530
472
431
541
473
581
538
496
366
468
393
565
413
448
533
461
453
499
468
437
448
288
579
532
565
390
374
524
424
518
519
524
588
333
526
465
619
486
405
494
477
525
581
365
440
572
500
576
508
458
527
552
456
547
471
471
463
392
447
555
478
343
447
269
525
415
425
505
368
427
350
559
317
502
514
508
468
491
352
497
542
606
396
521
443
441
499
308
457
421
651
498
523
476
475
479
518
307
432
626
456
516
441
431
531
383
477
412
296
379
702
449
387
511
483
563
329
339
430
582
428
517
567
423
451
550
525
583
530
387
585
470
327
572
564
733
521
466
614
441
485
396
495
474
573
363
443
452
606
434
482
522
544
411
342
413
611
468
570
281
495
568
498
633
369
537
502
465
471
573
563
458
466
358
522
643
436
533
579
430
479
550
437
432
431
516
590
355
350
466
503
495
513
511
419
479
414
378
384
528
372
391
298
449
591
457
599
464
508
516
404
573
419
368
466
451
453
480
371
489
611
508
448
422
459
589
382
437
566
383
434
464
412
470
579
471
553
663
427
505
461
324
564
412
329
568
503
433
487
650
525
440
441
507
450
393
639
348
515
393
556
361
423
460
295
326
425
377
508
342
446
281
580
544
436
562
463
600
455
433
355
511
434
599
611
509
397
390
430
500
551
510
406
372
495
258
426
431
449
484
371
536
461
415
405
466
473
333
486
555
462
367
602
458
488
584
503
423
411
624
370
693
649
423
629
530
371
522
505
363
548
548
439
528
505
468
435
477
506
481
446
458
495
496
568
385
473
514
577
603
494
455
364
589
546
554
414
410
485
411
391
441
373
366
388
483
476
494
328
408
618
597
546
400
419
481
480
537
526
406
475
483
539
558
347
352
506
431
560
473
547
581
518
514
437
375
518
598
430
425
416
489
350
532
604
659
426
409
495
445
541
493
402
431
512
360
399
497
408
422
546
484
427
512
546
421
369
489
414
347
481
476
424
519
465
279
455
406
557
551
576
407
559
481
460
393
460
404
550
433
403
541
503
424
474
521
437
495
459
520
394
428
422
590
453
479
338
481
488
353
443
481
584
524
356
477
548
507
549
402
623
510
515
453
535
531
624
420
488
540
580
423
552
539
396
458
424
485
391
615
390
494
576
518
455
450
534
556
509
646
574
476
411
403
389
443
480
541
422
550
288
570
632
501
408
455
571
459
480
577
505
341
471
383
405
512
454
403
348
429
352
530
523
359
457
423
471
492
504
481
403
609
497
454
645
587
402
502
487
635
292
406
465
564
388
468
513
432
413
431
516
420
403
375
475
542
611
479
494
507
437
548
432
433
386
557
594
424
574
622
406
549
474
510
376
512
614
455
449
493
397
463
368
474
341
426
501
498
465
463
516
492
505
430
480
518
466
258
580
632
424
477
423
416
530
410
423
495
437
573
475
408
539
669
413
456
462
377
421
470
371
457
475
440
446
477
484
492
418
615
328
451
501
546
642
522
415
465
491
419
281
419
406
495
485
474
217
427
450
416
587
537
599
495
505
540
436
468
479
474
522
544
448
317
373
532
618
404
574
624
423
419
587
573
491
515
569
475
461
620
361
473
484
561
447
397
437
371
554
624
501
525
358
626
465
588
488
623
474
353
386
395
469
476
543
456
463
533
464
494
630
349
477
415
495
488
502
424
596
518
459
528
486
380
519
530
477
409
448
405
449
517
532
398
601
561
504
536
440
362
430
469
478
468
520
453
519
558
321
393
510
555
486
425
330
467
495
377
467
485
434
373
549
362
616
472
409
558
541
441
590
507
481
506
431
426
462
335
664
400
523
397
448
486
578
625
478
461
339
311
372
327
487
364
410
581
541
544
474
522
473
383
512
442
592
437
506
472
393
514
435
453
349
445
408
525
465
444
489
573
409
450
407
460
418
477
489
485
482
420
394
389
544
435
529
570
553
583
456
375
429
413
555
402
492
506
456
565
403
544
395
523
400
452
569
522
518
334
450
465
458
482
429
430
535
580
456
543
480
496
485
596
400
274
399
536
565
411
545
406
516
473
471
548
395
426
371
398
551
534
323
674
452
488
552
461
472
340
422
369
370
476
468
442
593
531
418
282
561
551
496
513
456
423
527
359
442
400
470
377
506
563
512
452
439
334
532
583
493
514
491
450
548
506
387
557
600
584
407
349
477
524
524
567
515
517
450
533
626
311
586
513
442
427
424
561
453
281
485
538
523
409
538
606
522
490
483
533
272
416
369
433
447
522
559
502
389
572
397
496
503
494
353
528
624
414
487
326
455
416
627
436
442
421
539
472
412
382
435
420
345
368
587
355
514
455
380
586
448
564
370
558
389
410
320
656
452
485
524
581
366
589
565
405
528
407
513
478
487
409
477
358
520
426
547
495
439
602
332
446
444
704
479
610
534
555
483
573
592
566
383
413
321
486
537
437
450
460
466
483
523
469
495
488
497
446
486
430
428
397
491
521
346
298
460
434
504
501
505
410
380
364
532
563
389
525
382
427
421
603
510
463
428
529
320
480
419
499
498
383
465
495
501
423
489
440
618
530
544
507
484
535
437
423
637
494
617
528
388
408
536
385
501
633
365
279
454
454
448
462
553
512
511
636
589
567
532
436
490
458
518
500
364
552
456
474
471
336
423
481
653
462
522
408
403
472
499
586
465
456
519
429
586
542
462
627
463
636
434
449
504
395
487
496
343
576
376
357
461
485
470
486
462
377
399
454
506
446
755
449
462
419
659
514
471
488
309
562
658
519
615
516
572
503
430
493
561
552
598
533
522
618
534
306
686
587
389
527
573
417
452
446
599
522
545
598
581
480
447
487
475
514
475
511
472
522
594
329
481
446
372
546
357
433
529
431
522
412
512
409
517
296
422
448
527
558
567
573
416
462
445
387
539
559
471
655
275
655
440
532
581
534
561
350
404
389
384
489
523
571
475
507
401
360
439
396
485
255
263
445
489
337
355
453
560
263
569
420
515
402
478
402
610
527
480
570
434
463
325
606
512
454
421
485
389
511
370
392
401
579
468
408
562
513
481
504
478
568
507
435
459
605
299
341
422
562
547
575
433
535
500
428
474
426
542
457
467
526
466
358
462
567
528
415
522
471
395
503
493
447
606
641
390
393
510
406
391
653
300
438
533
369
494
461
446
530
449
491
407
408
427
480
525
412
569
502
449
513
515
490
361
561
604
458
688
318
468
473
448
601
399
525
400
396
486
616
405
604
490
573
401
562
477
256
403
431
553
398
591
680
313
537
591
452
428
560
547
484
489
340
544
365
455
459
466
521
473
379
408
489
611
440
458
664
396
486
387
346
510
460
587
553
370
497
408
414
346
541
305
614
499
439
619
475
558
419
592
419
555
477
408
418
477
462
447
415
566
435
427
529
552
511
521
546
449
467
424
510
394
521
515
400
323
512
344
535
375
626
344
468
576
507
361
359
425
324
634
633
489
561
274
572
490
562
367
491
428
414
348
553
521
428
532
588
493
538
387
522
479
492
524
445
402
445
625
415
531
346
325
438
513
507
520
534
499
615
405
548
433
517
372
497
456
473
380
564
569
454
487
434
466
490
520
255
524
453
429
280
531
663
548
493
449
672
444
378
501
384
468
411
474
499
455
591
412
463
487
408
388
423
429
385
416
540
425
400
410
501
468
424
422
547
496
452
571
584
460
544
496
381
646
612
442
635
505
446
463
332
533
462
472
547
430
394
438
415
547
608
425
517
448
607
642
468
520
508
507
373
493
365
534
344
569
387
571
478
477
497
572
334
413
650
559
467
504
365
525
517
416
551
537
439
510
524
472
393
610
506
470
508
393
496
495
529
574
606
617
507
402
474
334
333
510
484
369
700
632
645
608
560
466
505
591
452
459
415
433
609
527
464
464
563
345
359
630
562
530
598
314
544
404
636
618
464
532
481
522
567
522
436
536
536
445
484
402
486
459
528
515
574
278
472
228
388
482
500
516
516
459
301
397
284
487
489
490
551
432
494
536
528
260
471
526
456
549
570
413
452
445
311
354
598
425
416
464
350
648
505
528
587
428
509
486
504
520
525
489
333
624
393
513
473
590
458
357
517
559
304
561
447
422
507
386
509
275
347
447
512
545
522
542
307
508
333
430
451
511
471
439
391
459
581
460
391
501
616
357
636
589
370
492
493
332
430
505
395
544
477
407
589
401
555
406
403
563
500
624
596
480
553
433
496
527
541
452
407
561
507
510
375
538
609
553
419
458
548
456
389
452
619
509
528
530
522
528
697
377
437
488
419
544
415
545
449
575
587
555
476
440
370
370
453
481
392
474
427
616
575
541
399
486
482
514
588
457
465
465
480
527
449
479
527
578
283
498
692
450
473
503
372
545
621
448
442
532
557
473
634
451
480
494
467
491
474
430
491
506
478
405
537
574
458
517
624
543
414
440
471
397
302
497
535
426
523
480
464
523
505
637
650
375
469
531
577
501
423
370
392
437
432
483
567
437
334
442
494
435
428
531
401
439
518
557
462
494
459
545
474
634
381
489
524
468
562
530
483
335
514
412
466
496
473
618
498
475
311
533
415
462
522
507
512
468
470
545
515
451
544
479
458
340
601
410
457
507
479
481
535
410
496
408
503
484
501
518
439
478
272
351
503
485
499
543
387
584
578
400
539
544
379
574
439
504
590
308
562
573
552
402
555
346
563
469
428
469
419
710
402
408
550
592
578
437
516
507
363
220
515
468
447
358
348
394
596
566
451
489
497
381
377
432
448
466
551
375
410
496
499
363
412
447
508
361
467
449
418
498
484
468
423
376
552
503
457
449
526
521
633
549
446
487
534
473
709
456
447
635
405
241
427
464
438
472
394
454
548
417
473
512
440
468
522
340
529
465
416
464
524
464
533
375
573
494
433
526
467
581
502
623
420
511
429
571
414
481
531
539
410
481
364
450
541
346
281
635
443
509
371
419
468
454
485
477
544
428
550
463
527
434
617
482
501
508
485
396
598
475
410
474
490
545
535
421
565
289
409
589
420
528
508
535
502
424
452
529
380
519
454
413
354
505
627
381
592
497
482
401
543
567
611
263
617
371
433
362
558
543
478
587
524
592
259
397
338
429
463
353
492
437
547
382
490
386
416
452
345
623
420
521
547
570
505
460
491
437
392
420
486
381
387
369
548
522
535
309
491
425
511
482
374
490
504
466
487
467
389
603
484
687
638
462
489
480
546
570
508
477
436
345
412
512
430
537
542
407
472
387
454
541
601
534
478
315
557
411
506
436
448
499
408
486
611
524
389
575
480
513
575
450
457
612
379
418
533
422
537
486
500
444
515
453
341
479
490
436
566
433
415
498
375
543
617
512
455
422
448
356
472
417
448
409
455
335
504
408
433
566
344
460
515
464
517
350
492
608
495
354
444
484
427
524
283
526
537
524
444
672
484
510
573
563
530
452
434
544
551
590
440
522
437
498
462
403
455
336
384
506
505
546
529
473
479
443
579
556
500
607
421
468
491
543
564
546
410
472
384
545
466
503
380
443
531
494
376
508
542
377
533
582
550
453
491
483
462
333
396
532
421
438
409
448
482
475
530
442
479
330
419
580
525
385
310
556
437
536
376
373
355
632
440
530
408
495
445
435
574
374
403
596
363
451
463
475
496
528
566
474
428
508
415
527
468
380
522
497
527
613
498
461
353
550
439
483
379
474
453
502
584
543
351
567
456
341
543
502
396
553
395
478
578
600
577
653
413
407
618
543
452
516
425
481
489
477
323
492
562
501
420
564
454
402
522
626
484
441
516
539
377
524
610
342
442
488
578
436
440
513
491
448
448
419
475
530
409
317
467
543
466
360
444
388
465
520
445
408
518
370
545
598
460
540
557
445
468
420
505
442
635
587
574
431
511
462
544
542
603
367
450
354
541
717
462
570
468
445
579
525
537
609
488
556
337
390
388
418
342
389
495
524
426
427
498
550
671
371
555
471
526
594
417
437
484
474
486
480
483
363
467
424
440
409
489
415
369
518
464
388
565
488
565
560
545
504
489
573
592
358
544
438
521
428
537
374
455
482
522
615
519
442
645
473
566
382
268
634
542
422
412
396
419
323
405
418
499
373
478
506
546
424
402
484
469
582
567
302
514
503
508
426
518
406
319
463
605
509
507
522
596
487
399
470
439
566
467
334
407
347
573
512
487
424
574
532
397
298
495
485
449
559
514
483
642
421
590
528
489
395
550
511
447
392
425
491
434
492
532
553
498
652
515
484
523
468
466
510
382
595
462
555
529
597
437
416
598
529
444
392
523
433
601
418
465
346
534
482
456
476
411
540
484
566
502
403
474
443
497
407
457
307
591
549
484
373
332
534
464
420
636
397
456
458
576
424
435
495
565
544
489
429
612
427
493
556
438
495
486
332
396
282
321
410
616
536
449
544
505
467
416
432
478
569
477
450
477
510
539
493
441
524
406
530
446
274
427
515
352
427
440
554
408
551
438
409
402
461
615
298
646
505
553
448
502
439
324
281
551
365
532
431
528
361
521
497
384
572
232
348
546
465
610
439
461
491
506
510
454
412
506
360
421
476
451
447
446
464
378
541
526
531
528
419
480
445
655
454
607
423
516
633
485
392
490
381
507
657
323
409
376
462
450
402
462
510
561
358
538
430
502
377
527
574
333
401
502
419
482
410
584
343
397
542
595
453
511
564
550
356
455
506
449
296
505
439
428
491
484
403
466
462
388
358
452
400
504
463
555
363
544
573
505
436
361
535
521
455
426
469
487
366
472
514
612
460
523
442
514
504
591
423
571
472
363
443
349
535
598
460
378
481
406
489
521
409
480
547
517
374
404
578
485
348
484
462
402
447
384
545
447
484
475
464
541
540
279
539
480
417
493
537
593
414
464
441
600
483
455
490
491
571
492
354
451
481
403
420
450
365
512
495
416
435
435
506
619
555
431
484
489
321
581
358
471
375
420
454
407
493
631
362
409
550
511
534
494
398
463
431
452
540
580
410
302
397
587
491
366
407
459
460
547
471
320
400
437
567
421
528
507
431
558
509
451
505
490
507
380
522
573
469
569
487
521
489
489
399
437
374
346
451
522
315
488
490
437
530
510
474
480
512
523
681
476
555
481
566
523
526
441
602
329
401
424
547
513
425
427
499
363
503
442
532
432
472
373
511
475
373
525
637
608
365
574
449
497
567
451
483
431
476
702
431
484
480
502
503
405
362
487
589
452
531
408
505
464
414
462
548
460
416
551
323
497
534
450
355
513
522
456
508
502
488
554
534
499
401
439
545
576
360
399
451
399
543
477
513
572
511
485
389
468
567
445
501
479
501
431
466
523
510
373
400
576
574
625
553
440
491
581
500
567
488
579
438
480
366
467
546
531
465
521
492
643
419
604
325
428
548
356
463
390
479
404
353
507
447
349
277
511
519
396
396
550
821
466
432
496
560
515
572
597
557
499
468
469
447
344
463
426
454
581
527
437
513
537
396
526
453
522
532
483
438
359
545
534
641
467
420
353
343
521
461
478
383
416
467
434
552
493
531
409
537
386
581
440
456
448
532
590
492
553
444
441
453
537
581
483
568
509
554
467
411
569
346
462
402
439
503
449
593
504
610
580
492
476
332
521
442
471
513
358
467
545
534
559
429
538
412
609
517
591
442
332
495
393
434
492
386
486
540
353
526
443
378
419
522
406
516
389
658
456
342
338
393
607
354
424
339
453
439
368
503
543
470
501
547
593
395
393
499
527
523
441
551
616
532
398
418
470
519
397
429
492
503
408
424
427
568
515
530
508
610
564
398
422
660
500
540
445
466
498
449
355
291
531
456
505
397
475
430
448
466
510
524
354
418
435
577
581
567
477
361
412
469
422
572
417
472
467
375
486
380
338
377
463
537
460
332
499
504
486
326
436
408
362
443
386
537
502
465
526
567
450
509
529
580
414
501
479
453
588
579
545
416
454
528
504
410
302
479
483
430
575
488
434
630
416
485
477
512
624
413
487
460
553
463
573
419
492
451
480
288
462
454
464
537
415
388
483
423
505
381
367
522
664
410
526
402
453
515
310
474
412
302
346
337
522
461
549
491
402
516
461
554
534
344
329
359
522
530
380
541
554
487
385
505
586
457
583
295
540
439
454
565
509
523
511
563
540
453
351
688
353
532
524
501
434
397
212
415
392
517
532
553
576
448
513
431
522
497
338
582
557
440
461
460
458
424
421
670
479
503
433
467
484
478
709
561
337
431
329
499
371
486
400
587
371
372
451
668
467
468
455
657
453
568
481
528
628
488
348
303
488
464
694
582
371
545
519
473
698
439
450
641
547
491
431
558
502
527
534
458
451
361
389
559
549
333
535
632
429
516
519
415
442
487
439
380
376
450
439
234
487
448
535
576
351
410
512
505
430
454
546
434
562
458
496
574
256
309
510
387
337
477
448
432
606
462
471
471
533
550
503
447
534
483
397
390
559
547
497
523
559
419
591
599
406
353
396
379
468
511
435
697
550
484
298
432
384
541
590
384
315
436
424
371
352
584
535
729
570
472
544
500
563
598
577
318
531
408
423
509
437
476
401
384
450
612
505
553
553
508
475
550
446
458
481
460
457
493
482
373
311
499
549
599
435
481
609
354
440
520
427
688
388
428
505
414
534
567
390
422
447
428
424
525
370
302
461
396
499
425
396
563
520
410
489
387
519
603
521
460
544
311
480
347
522
434
462
591
568
387
649
514
454
345
533
335
403
320
449
360
430
553
497
633
310
511
477
251
489
540
584
533
612
414
533
606
521
570
415
570
511
457
465
535
405
558
468
455
443
510
498
361
484
351
488
494
504
527
503
456
509
555
514
503
498
568
395
546
493
479
540
514
506
603
602
376
421
455
445
383
549
562
522
386
378
532
570
437
539
399
291
504
458
408
466
454
543
451
591
526
591
466
526
293
560
491
506
581
574
559
473
430
422
436
610
528
349
600
429
592
486
448
373
407
410
624
401
420
403
383
401
414
588
438
407
552
602
463
550
302
410
478
538
489
500
602
424
368
339
568
490
446
409
473
416
472
455
467
474
440
549
441
458
445
440
469
587
548
579
505
466
438
457
467
375
298
618
530
393
535
560
389
451
642
491
340
534
429
549
516
595
561
421
416
424
645
523
407
428
508
450
525
382
532
377
454
399
457
374
458
415
454
493
415
300
392
439
445
396
500
555
365
493
480
571
552
339
373
488
381
521
421
545
449
515
491
407
453
394
387
443
609
534
513
454
337
612
587
458
421
476
353
313
595
469
510
509
270
434
349
485
465
600
394
487
525
545
463
533
589
581
581
542
507
360
614
629
432
617
454
597
468
564
565
347
533
494
377
502
522
373
423
593
407
532
599
377
492
488
431
533
423
427
448
257
350
340
516
497
567
467
395
523
431
609
562
443
535
418
549
484
580
798
467
618
407
520
441
581
440
557
414
478
312
469
562
476
361
403
437
478
443
469
376
456
645
513
537
591
257
529
641
504
364
561
384
517
313
459
568
556
312
429
460
340
490
511
625
461
507
442
416
405
460
672
367
476
484
517
449
524
395
507
430
532
487
497
423
283
679
571
437
576
442
503
417
584
365
567
442
529
340
474
475
353
455
650
434
511
403
365
474
299
422
466
615
586
540
510
476
497
327
399
532
462
642
422
537
416
601
420
378
527
311
361
447
628
591
577
351
341
474
348
423
443
482
553
369
621
614
491
467
460
401
324
390
446
507
585
272
531
536
451
552
558
485
629
365
533
526
208
432
586
691
324
488
574
437
292
456
492
443
430
482
376
544
426
445
478
468
583
586
569
518
454
597
454
498
603
494
512
500
439
466
432
493
396
551
394
354
408
573
520
448
410
419
475
405
487
442
475
450
415
443
604
425
476
544
586
526
586
453
482
477
367
478
431
447
482
445
620
461
429
486
457
397
405
406
485
549
604
473
337
576
485
535
284
460
561
554
433
579
498
533
551
440
481
535
473
458
403
450
534
470
503
456
357
507
346
469
438
438
536
524
554
545
455
511
406
384
327
481
557
440
423
562
485
542
503
448
412
499
460
513
611
480
565
392
505
366
351
359
316
478
541
487
304
462
594
455
391
478
487
429
577
536
506
502
502
541
360
480
387
554
537
405
377
344
431
443
594
427
391
488
522
395
533
480
454
544
509
511
471
293
469
507
342
369
616
458
474
409
561
637
496
550
326
450
503
565
435
410
435
369
425
404
501
479
496
408
444
576
402
627
442
382
555
459
559
556
514
407
585
648
481
606
537
617
455
440
453
526
383
444
461
593
324
427
355
407
616
560
477
502
473
534
526
536
481
426
498
444
444
357
497
572
396
399
650
434
376
594
497
526
663
403
410
453
479
389
618
447
490
523
460
339
554
563
394
485
478
541
544
531
538
464
516
486
430
578
550
526
357
511
485
315
357
545
484
394
452
377
499
469
543
602
431
528
466
380
518
532
433
318
327
566
571
471
137
348
407
485
430
525
454
443
405
494
412
421
441
560
459
414
352
327
411
420
524
359
465
474
446
364
419
552
696
515
605
349
536
479
348
446
457
367
506
396
591
534
430
515
576
500
453
359
545
494
599
491
402
498
447
588
543
484
439
491
414
599
530
460
576
456
485
466
424
531
463
542
407
510
428
448
610
517
628
498
468
430
551
507
509
476
496
414
472
379
557
587
455
451
484
465
444
395
523
398
440
271
479
391
573
493
553
585
404
455
526
505
313
442
535
493
519
502
610
563
353
545
428
430
481
602
382
424
505
503
449
329
464
496
580
541
422
421
538
487
500
354
564
512
499
345
456
521
377
422
462
591
426
458
474
423
503
372
386
447
516
396
470
510
602
405
528
332
487
539
494
413
487
519
522
440
526
474
679
402
445
549
413
414
457
582
392
467
252
580
400
447
401
557
388
398
368
463
502
447
547
429
336
319
450
483
491
461
515
376
449
421
364
565
536
533
484
531
563
500
349
501
499
401
431
519
629
608
432
398
460
508
269
441
570
354
471
530
431
509
571
405
436
399
325
370
387
666
414
533
558
497
441
322
501
489
455
464
426
500
510
386
626
477
509
492
402
488
449
332
441
478
520
420
508
389
361
495
594
378
501
477
438
477
418
409
389
445
500
398
523
368
592
412
534
507
633
456
318
386
523
484
445
324
475
448
427
531
556
497
465
473
505
465
367
393
511
497
359
405
533
598
577
410
625
398
456
409
535
348
490
443
529
523
435
501
372
429
509
470
518
408
402
490
522
594
569
381
359
373
398
552
581
553
535
496
386
443
470
500
483
574
465
382
582
662
565
417
513
297
382
479
492
433
525
505
584
610
447
505
606
669
404
486
508
546
441
454
464
590
512
474
570
518
426
496
532
444
561
531
436
657
420
475
555
462
699
481
481
430
502
449
391
399
372
358
441
502
391
497
452
453
521
408
321
536
585
557
429
459
458
480
433
529
515
410
447
470
469
417
525
479
497
512
480
420
594
513
414
509
497
509
649
548
471
430
370
646
461
547
368
422
516
505
461
356
404
449
376
460
531
351
469
534
448
428
456
605
656
443
338
573
220
475
432
416
492
539
398
471
402
620
441
406
481
486
408
528
430
446
444
295
368
363
505
604
506
589
601
436
536
426
500
582
414
465
468
596
612
551
357
594
377
528
404
447
562
498
542
467
440
495
337
387
493
523
383
518
487
367
541
502
372
495
565
395
418
458
416
424
312
541
620
539
444
413
437
402
533
648
583
490
498
352
495
509
549
437
558
390
381
428
410
449
542
423
450
446
455
525
372
512
541
406
398
556
490
523
511
541
400
580
504
442
541
506
548
472
395
471
505
669
505
481
458
552
398
449
481
433
555
357
476
580
511
392
243
569
463
377
524
363
387
541
503
445
622
498
460
417
568
394
429
453
382
497
581
369
465
314
481
484
485
498
433
509
447
448
361
446
400
514
413
550
628
460
358
375
583
538
384
563
548
312
433
496
555
577
557
403
452
550
366
576
537
464
562
454
523
436
431
411
466
378
518
544
609
501
538
589
363
457
409
483
443
594
573
340
488
585
370
596
412
495
593
405
555
380
398
483
580
442
446
418
420
403
390
465
383
381
579
540
561
626
466
454
542
588
392
631
440
582
314
408
598
537
400
317
528
297
376
472
451
404
482
308
404
425
472
500
491
503
501
594
432
503
408
627
423
416
589
494
381
556
488
549
469
237
301
491
454
412
601
406
494
485
448
483
352
512
335
533
425
421
502
375
407
506
597
649
361
582
481
402
497
487
541
551
475
558
430
377
425
473
462
387
448
463
374
526
456
575
350
473
548
453
587
348
490
576
571
488
524
423
415
490
472
531
320
539
613
471
409
406
406
546
455
551
421
583
584
539
440
606
475
547
557
374
534
524
411
473
511
572
450
430
410
604
403
497
562
445
447
421
445
453
522
484
514
642
539
490
656
314
335
520
611
500
541
496
356
469
465
374
432
494
543
340
475
495
504
417
571
431
431
528
548
604
514
450
533
552
521
517
444
510
527
533
518
291
544
497
457
569
515
419
573
479
520
490
642
561
569
517
443
303
483
302
488
449
608
498
406
468
634
436
563
487
480
423
527
409
651
530
389
398
622
374
447
443
423
523
538
489
520
469
523
495
598
490
485
425
422
437
464
466
434
448
478
448
494
538
414
271
564
490
575
581
535
503
464
379
505
504
473
471
536
391
403
369
424
496
440
444
530
393
423
484
521
373
450
495
409
433
375
573
602
496
445
547
377
404
458
357
504
501
479
534
483
466
457
406
647
470
513
464
397
493
513
525
537
429
428
539
493
547
401
302
261
581
377
439
572
516
584
508
435
282
524
426
496
397
477
371
449
489
451
334
471
520
409
430
472
461
349
479
476
361
427
390
462
564
475
333
432
548
373
438
583
431
563
374
472
554
500
598
396
458
406
460
554
425
516
494
401
440
433
544
292
386
380
564
583
508
363
481
533
564
652
482
476
476
426
505
525
465
531
658
542
514
484
425
451
557
473
401
487
359
463
588
496
398
393
512
525
557
492
543
473
396
343
360
436
571
589
456
436
467
490
586
481
486
442
318
356
479
459
382
542
535
519
461
429
446
471
481
637
560
519
456
416
515
496
506
533
490
588
440
519
410
473
550
544
528
487
545
513
699
463
388
425
568
492
469
456
364
394
604
450
469
534
491
474
558
466
455
426
518
394
484
574
483
402
486
314
550
502
569
455
506
400
378
546
444
454
662
485
362
503
540
456
336
513
602
402
437
396
515
419
360
415
521
509
397
495
479
475
500
556
533
315
436
481
491
508
585
376
395
443
416
383
482
575
505
528
517
458
518
449
446
438
374
441
529
448
399
432
587
459
616
434
494
585
463
509
266
353
400
458
421
493
488
421
402
316
438
401
533
428
481
406
401
375
494
554
486
320
516
528
508
478
447
419
572
367
557
472
559
571
483
454
407
590
323
479
669
532
476
531
641
448
416
447
450
441
575
438
454
467
386
416
559
522
322
394
514
373
466
612
528
343
486
425
485
460
498
460
509
568
405
473
506
523
325
389
544
416
555
654
395
329
460
328
501
583
450
533
479
586
475
578
510
472
442
506
553
495
469
297
558
424
525
523
447
468
446
571
515
584
314
474
425
501
429
421
450
485
437
674
474
674
416
506
484
524
616
445
434
570
494
514
437
514
473
386
382
658
480
608
544
483
466
452
365
443
506
491
259
393
419
392
446
593
454
453
507
347
478
389
643
442
390
486
381
469
485
493
470
509
359
501
581
393
635
575
388
417
507
402
526
475
482
591
369
493
379
549
410
498
378
507
524
373
443
399
491
345
368
427
510
530
576
464
435
368
592
412
466
398
557
435
465
641
491
430
414
464
621
448
614
401
482
472
482
360
401
363
339
493
261
479
636
508
598
545
697
614
469
518
501
440
567
515
508
549
476
536
526
424
568
491
479
494
536
360
489
552
512
476
434
457
587
523
468
540
414
430
390
484
456
605
447
453
391
478
567
571
467
492
532
508
338
513
451
493
468
376
360
463
492
538
486
458
371
473
572
431
477
433
569
360
434
593
426
549
409
371
373
539
455
574
437
579
527
514
384
460
420
389
573
416
458
404
517
412
533
588
546
395
384
451
487
618
379
365
546
434
407
511
537
530
447
548
589
510
494
391
395
452
344
492
484
346
545
364
481
401
331
480
467
423
393
411
483
476
472
466
532
516
486
508
498
406
576
570
496
480
534
498
585
425
395
389
561
595
473
581
623
462
508
404
371
480
511
513
555
485
470
399
438
419
496
445
631
658
326
493
474
492
535
558
350
604
461
557
578
496
319
368
470
662
475
472
384
458
426
370
324
467
453
581
499
500
487
405
455
480
503
554
443
363
481
459
383
485
770
547
552
396
489
483
386
438
544
454
588
424
523
360
468
515
474
529
457
530
511
522
538
331
419
300
450
413
347
608
479
529
334
578
369
461
559
457
428
460
371
436
516
368
444
547
478
361
357
480
351
470
383
486
452
460
446
563
365
665
439
401
466
601
595
534
637
360
517
373
486
510
465
497
553
417
527
400
431
382
500
490
474
496
463
546
390
355
496
459
679
427
717
520
456
402
540
493
399
645
446
457
471
517
573
544
407
415
433
470
451
612
488
649
534
528
479
573
470
468
532
500
671
535
510
452
502
446
507
418
453
418
416
323
337
367
690
392
509
439
443
457
488
435
589
546
460
522
346
399
504
332
390
507
489
426
316
533
520
505
578
514
408
496
415
433
333
529
495
550
348
446
558
485
452
541
390
591
466
500
546
447
367
355
392
359
529
534
397
344
403
445
504
507
393
530
494
457
568
555
535
312
420
632
488
251
399
370
413
500
487
596
418
436
466
499
450
361
564
570
541
350
474
436
505
368
575
499
533
515
562
402
227
395
330
526
522
403
456
576
424
552
618
413
333
408
468
376
441
484
512
344
456
425
483
415
571
488
455
563
606
447
412
486
515
472
545
607
504
369
540
477
515
454
394
374
441
473
431
471
439
512
492
446
481
409
543
519
580
514
386
492
486
490
481
435
541
541
470
453
360
428
374
453
448
482
550
343
511
478
416
595
430
344
519
523
409
557
536
464
368
409
617
555
574
374
555
646
593
480
473
455
361
547
498
473
466
441
490
538
507
542
382
437
472
583
497
383
380
411
624
311
564
495
547
474
402
527
591
601
445
424
497
421
606
503
486
503
538
519
484
503
559
502
611
436
423
379
577
401
317
454
318
506
445
436
490
485
499
512
535
446
455
335
384
295
532
348
410
469
492
496
516
414
552
517
436
525
488
344
430
414
522
513
451
599
329
486
411
569
660
466
602
443
529
467
529
465
619
459
452
525
596
451
397
483
365
648
387
453
560
425
611
472
555
404
428
458
357
412
536
469
507
551
485
526
551
466
493
423
442
406
465
505
482
432
483
555
445
554
621
553
429
567
335
471
475
492
550
606
551
469
282
564
329
544
494
521
492
488
401
431
578
475
387
525
561
372
480
538
515
518
490
442
443
574
488
441
549
342
365
687
422
505
323
440
562
394
519
504
433
530
461
484
546
536
375
572
483
428
432
212
447
430
411
327
536
498
574
354
483
364
497
426
303
396
434
598
568
325
517
532
446
474
614
556
458
367
601
415
465
498
593
446
364
580
438
324
441
491
439
455
413
507
509
595
654
573
525
417
508
386
369
487
367
466
602
538
435
578
505
441
493
390
602
430
377
475
473
556
591
646
548
487
578
510
480
410
345
429
498
473
444
466
505
612
362
446
493
437
529
338
539
470
479
514
491
429
430
437
429
523
527
550
524
490
568
468
590
521
542
563
472
546
392
359
632
507
482
437
480
590
444
444
476
446
519
457
584
553
484
432
471
559
499
404
422
512
542
590
370
574
418
582
493
463
591
542
390
472
413
465
482
487
345
527
479
599
401
553
606
372
526
501
594
651
483
530
500
472
520
431
441
363
628
506
444
405
509
440
433
378
563
443
450
540
339
510
536
405
548
452
480
407
714
497
550
438
514
498
391
537
539
404
489
433
315
622
367
334
621
550
369
574
453
390
359
392
475
366
454
503
493
437
402
572
560
395
569
512
416
430
478
458
453
503
500
489
507
497
653
417
242
502
403
531
496
345
604
433
397
601
436
468
443
475
462
548
460
465
321
486
511
432
505
573
510
519
514
511
345
343
560
584
384
319
351
536
638
677
515
477
484
414
449
556
479
495
551
545
408
405
405
562
394
467
391
523
552
315
493
413
394
498
350
583
335
352
384
463
594
407
541
353
349
508
468
498
430
607
456
590
539
357
468
512
536
523
436
275
565
486
492
548
513
346
437
464
468
571
402
586
459
580
580
504
520
311
541
522
574
447
379
454
457
500
480
478
529
540
418
422
638
511
460
338
440
427
439
325
589
499
535
479
704
523
579
303
311
458
594
497
443
480
614
435
504
530
521
491
477
439
497
488
566
553
552
452
388
473
440
445
545
432
341
431
519
352
592
443
475
667
424
523
518
459
490
466
581
422
427
572
461
478
481
422
656
504
466
607
384
478
577
428
527
403
375
511
324
415
443
448
519
489
499
428
363
526
502
390
392
606
464
458
484
587
566
484
523
354
506
406
496
537
529
480
555
459
529
522
506
363
502
548
468
422
555
443
542
491
584
371
558
540
505
519
497
502
550
467
445
628
410
474
321
455
454
504
592
503
517
388
580
489
510
449
476
490
517
442
361
456
412
347
384
480
358
571
472
405
540
419
530
481
348
432
451
522
546
380
395
537
480
411
536
601
414
582
483
497
584
514
485
461
470
410
448
527
495
328
666
382
461
499
478
407
472
541
563
437
493
416
464
411
571
475
456
412
397
456
407
476
381
462
363
463
550
478
495
591
481
510
405
473
468
562
396
525
439
533
577
395
559
410
273
497
410
557
437
443
569
464
449
418
401
537
505
583
487
488
437
548
466
518
519
430
475
482
475
578
525
624
562
463
286
620
539
488
528
334
554
288
420
452
404
569
505
443
565
368
582
526
485
389
513
403
607
434
420
482
450
513
546
492
574
503
582
400
560
335
564
329
521
537
547
453
601
659
548
504
530
507
339
493
466
451
473
467
568
485
329
572
440
473
285
551
361
573
467
442
373
466
375
468
325
342
540
521
469
498
478
442
485
468
576
376
457
342
334
494
520
349
371
326
370
525
497
329
507
425
500
572
567
611
565
387
437
502
518
473
554
501
462
595
430
475
435
557
494
618
732
374
513
670
379
599
514
504
464
618
434
604
410
564
566
397
509
501
508
444
607
457
444
411
474
418
434
432
447
452
434
486
336
463
421
400
609
651
453
477
427
409
498
470
626
407
563
520
522
558
475
555
560
364
616
366
529
442
410
385
497
636
536
442
394
403
464
670
490
323
624
349
354
450
543
510
404
321
418
479
446
660
385
442
504
540
491
434
583
445
454
468
540
372
507
403
396
357
567
422
432
504
522
353
504
528
350
437
365
457
422
504
347
479
432
497
528
427
535
476
531
486
503
455
362
506
449
369
508
539
536
468
409
470
399
515
348
501
536
469
546
610
573
360
353
599
568
588
340
479
306
426
522
374
422
474
535
347
492
386
385
472
467
506
566
523
522
475
382
519
611
446
489
506
540
375
368
519
537
546
521
455
403
463
478
478
586
406
435
494
544
493
369
410
433
350
380
468
525
458
669
473
357
486
465
466
398
471
430
381
549
449
485
484
509
415
629
530
544
444
530
500
491
399
560
371
480
559
554
437
708
508
581
561
429
474
601
445
467
396
569
449
449
362
550
581
373
264
443
435
340
404
467
497
533
597
576
484
395
503
435
462
542
394
550
470
470
577
518
512
579
434
585
666
524
358
540
505
521
481
394
437
539
355
491
416
476
423
494
465
434
588
517
450
549
365
448
489
468
541
382
469
489
516
485
429
436
474
369
530
412
494
634
425
424
343
512
556
480
352
512
300
472
479
513
472
485
529
543
458
482
475
437
464
368
474
511
495
439
461
455
412
501
623
426
495
543
632
312
400
399
606
605
414
487
474
451
563
491
411
445
507
479
420
552
466
546
608
497
560
529
429
609
418
581
456
451
493
519
554
380
434
475
481
441
657
347
575
540
496
545
529
503
327
367
465
447
348
668
511
513
539
409
510
431
316
375
411
605
515
454
387
344
442
455
507
427
327
511
501
374
462
413
580
473
499
474
399
568
372
546
481
364
437
518
626
520
564
530
658
367
391
471
489
402
479
447
415
494
621
399
462
384
491
520
482
488
465
430
442
684
336
529
554
479
339
337
522
608
479
636
354
642
521
354
461
535
570
585
480
481
402
548
491
502
503
438
455
394
472
393
251
391
422
656
417
491
507
213
486
538
561
441
643
442
462
375
552
445
611
588
428
609
392
666
485
322
566
355
611
339
471
614
489
526
347
466
536
558
388
517
521
367
369
416
569
439
553
549
559
408
434
470
641
348
493
434
534
451
346
420
507
423
560
424
507
470
437
465
464
362
337
509
480
667
592
387
492
509
460
407
589
721
534
492
436
557
571
351
391
533
481
554
468
602
309
478
381
465
673
473
473
486
468
501
449
523
460
434
645
413
384
411
444
557
353
479
341
577
357
604
486
605
439
653
508
403
521
482
437
460
625
426
534
494
512
473
558
408
481
495
452
536
368
399
537
640
600
481
576
519
440
362
337
238
611
373
424
450
505
420
573
562
559
613
537
476
441
473
433
634
499
603
500
420
532
667
384
340
428
482
424
453
571
454
537
487
521
471
457
547
508
511
466
500
514
539
565
431
547
529
547
487
521
526
573
567
518
402
465
421
543
388
588
535
438
498
471
479
410
495
620
473
394
396
429
546
341
373
512
357
449
603
467
484
549
436
553
499
421
552
570
465
374
504
530
592
365
304
529
644
404
497
393
387
484
490
422
328
388
559
500
350
439
443
418
465
479
489
396
468
407
559
337
445
533
487
446
433
511
352
592
570
664
449
514
267
426
537
473
483
394
414
414
388
458
513
307
559
489
391
528
510
520
594
481
472
566
539
591
519
476
489
375
350
432
539
586
489
485
508
512
600
583
456
546
575
575
513
471
402
483
412
511
543
321
327
529
527
410
452
431
594
474
429
554
400
529
590
511
427
551
465
506
634
574
512
426
474
437
299
387
422
545
454
527
460
365
470
568
383
518
469
474
509
560
434
523
447
434
466
558
430
464
451
556
433
563
467
504
469
394
522
546
471
593
437
516
510
526
602
493
520
565
477
513
347
375
330
497
468
332
582
475
559
476
546
495
484
560
531
583
490
675
585
436
493
438
460
472
402
471
669
557
428
584
423
452
611
517
325
532
569
445
557
666
538
589
515
533
519
430
403
448
528
460
419
524
460
433
494
386
435
517
537
433
636
544
484
503
481
480
514
462
453
420
555
546
509
427
631
450
535
513
344
550
390
495
527
452
283
529
483
387
268
564
529
468
468
396
463
392
577
547
434
586
526
356
470
385
485
488
612
562
520
579
375
437
583
463
600
483
395
501
457
453
463
572
511
407
565
517
370
576
474
420
368
352
605
469
447
480
436
610
476
376
532
476
460
552
440
357
437
514
604
569
347
362
297
606
489
384
465
601
477
310
381
417
370
490
284
388
533
433
425
449
484
548
408
573
440
519
640
585
362
495
528
428
393
425
493
405
389
487
453
496
618
523
376
350
577
478
370
451
668
548
427
452
550
597
473
540
373
498
562
438
455
326
398
423
337
521
343
634
515
468
489
456
416
523
487
640
363
358
481
672
374
444
459
440
395
517
636
451
376
459
389
418
450
569
683
540
605
482
488
367
411
578
394
529
492
498
527
591
539
476
564
448
339
540
458
506
583
409
470
435
454
481
441
340
650
401
426
324
447
571
457
533
560
554
492
466
555
376
419
387
462
462
392
635
523
581
418
364
497
459
402
453
406
561
626
457
406
357
517
588
485
514
492
390
450
578
442
458
284
501
552
430
392
526
495
501
560
525
512
414
401
541
494
450
483
506
305
512
409
516
486
589
462
577
472
570
410
449
520
384
652
406
453
450
542
541
426
504
359
414
450
500
554
404
464
567
522
529
340
440
491
441
556
560
484
489
366
532
398
481
601
743
576
508
553
526
455
409
587
480
533
457
469
334
363
492
367
406
585
543
445
294
523
488
418
551
447
412
515
529
338
363
344
453
624
389
434
469
533
444
529
548
395
516
520
529
412
424
521
437
570
536
379
392
446
437
518
435
619
575
450
496
514
421
462
406
467
443
532
457
528
518
421
529
488
485
492
428
433
527
508
435
398
509
524
561
477
482
507
464
571
477
533
495
516
484
498
539
373
419
548
398
484
368
491
569
473
560
615
343
437
513
537
416
437
537
597
577
497
508
530
505
488
424
417
553
364
394
405
498
420
551
583
541
341
554
538
373
581
339
485
372
406
580
442
478
547
434
484
608
616
529
504
579
490
318
460
434
332
464
509
355
267
517
435
278
500
468
424
454
421
413
488
550
342
444
493
516
422
489
462
438
476
465
398
434
467
440
343
511
369
461
632
571
479
587
470
525
464
464
494
448
338
479
285
536
478
497
480
453
420
509
464
534
522
597
510
516
583
512
479
548
574
502
479
514
369
399
477
565
497
578
424
347
513
377
463
462
540
315
418
422
461
563
443
482
428
355
474
468
471
541
445
521
380
515
636
393
501
713
489
499
457
383
429
519
510
667
506
468
644
594
496
520
427
415
414
413
558
518
526
494
550
237
366
374
418
575
499
438
360
504
568
528
470
448
534
564
497
504
519
357
537
453
361
535
432
496
523
490
491
489
469
487
400
502
575
534
533
462
458
499
446
481
539
482
535
509
516
428
528
364
450
384
498
490
438
466
543
412
512
520
433
589
392
640
529
338
594
382
492
481
571
322
362
446
620
547
520
487
515
556
499
519
533
473
502
366
575
423
450
478
440
530
530
595
444
627
499
501
586
392
539
465
503
453
479
461
514
581
420
451
491
474
583
487
520
577
561
559
308
482
474
711
325
511
555
571
551
477
426
401
467
428
426
408
457
405
487
388
456
501
535
500
656
279
544
512
297
561
489
475
610
473
486
619
473
449
652
468
323
657
518
536
482
477
611
343
363
464
443
415
490
336
582
424
368
424
527
653
350
579
516
531
551
548
450
404
343
382
438
465
349
538
400
436
443
312
493
659
440
538
385
449
350
483
450
467
498
589
488
558
352
553
566
521
478
436
370
516
533
428
433
380
536
592
466
544
263
415
558
440
493
555
461
393
383
441
495
392
271
462
503
493
567
436
528
459
452
486
635
582
371
456
506
558
443
454
378
368
425
467
412
330
326
493
518
553
447
535
568
466
547
432
571
508
509
496
484
562
481
477
557
400
556
504
392
516
516
397
314
550
303
443
503
625
218
651
423
499
397
489
566
527
418
389
482
518
501
389
371
373
484
546
509
606
435
378
522
498
396
435
513
560
456
635
523
481
581
585
549
422
457
491
309
479
607
610
548
547
397
439
467
546
496
578
415
554
539
368
508
513
501
459
626
531
484
593
508
288
334
560
507
485
447
482
317
412
494
392
460
373
513
559
487
435
409
608
653
586
412
527
430
501
570
434
437
437
385
642
502
550
417
423
558
483
525
321
489
542
543
531
502
504
430
453
416
423
547
460
440
422
609
316
471
505
437
489
425
453
525
602
529
609
318
385
438
435
607
509
539
520
380
421
446
488
478
496
521
456
516
412
306
371
453
541
475
496
286
508
390
491
351
588
560
503
509
462
497
488
308
457
506
426
598
479
646
488
532
534
448
347
392
502
506
228
438
345
255
524
435
559
497
435
447
415
472
447
448
464
436
314
544
523
371
548
240
439
511
523
510
456
564
443
424
558
504
353
460
445
514
449
423
435
494
573
457
403
390
433
433
559
426
481
354
479
556
584
567
447
564
396
575
400
443
495
402
430
391
431
506
410
369
569
452
345
403
557
475
473
523
406
466
504
554
510
401
399
506
523
523
414
330
429
606
493
384
474
685
518
396
498
503
446
502
427
376
395
514
464
332
641
435
452
608
490
516
520
564
485
496
496
641
454
449
450
427
488
333
371
535
460
564
469
362
529
490
323
428
510
519
498
319
561
499
421
601
472
482
318
327
376
449
592
566
460
352
416
456
600
600
394
464
554
367
484
558
497
489
510
631
529
371
446
508
564
517
437
517
547
381
441
565
438
416
522
521
551
511
388
425
384
541
543
484
597
532
440
361
473
490
455
487
384
515
516
517
455
335
529
361
579
493
479
454
527
547
489
447
410
584
498
549
396
466
387
422
402
530
407
591
379
403
624
445
329
498
423
450
505
716
516
492
643
538
499
387
437
478
545
475
427
472
521
374
458
568
464
599
359
474
519
344
535
482
414
405
593
319
526
536
538
488
376
510
516
487
446
428
414
544
533
446
521
475
317
517
415
450
538
420
544
419
430
370
445
530
417
582
361
594
395
480
365
462
353
522
394
430
414
571
467
604
560
467
333
439
415
260
513
518
438
521
467
343
475
581
443
506
481
543
461
466
592
387
468
409
476
568
565
485
412
472
482
713
595
603
575
440
341
521
502
533
428
578
412
470
458
576
453
383
536
614
323
327
395
457
451
375
562
570
417
492
427
376
461
410
393
426
425
389
543
479
561
527
397
583
601
408
452
483
469
583
583
582
510
415
510
560
511
502
350
341
611
526
526
409
475
317
514
491
392
392
388
521
198
551
488
321
568
571
448
399
500
477
346
403
531
447
493
492
448
407
593
470
420
480
413
569
469
434
433
422
471
517
364
615
457
672
446
420
342
460
441
438
490
684
574
301
657
542
412
514
345
454
363
396
563
482
391
553
398
411
326
545
351
467
439
470
380
554
465
515
520
405
444
531
576
384
459
403
526
530
665
455
395
470
539
374
361
375
468
489
515
498
399
528
502
482
473
621
329
603
620
545
555
506
639
532
507
582
551
470
564
514
378
625
560
349
477
529
461
357
483
631
361
369
612
408
286
417
388
458
601
588
543
546
552
550
298
504
289
435
393
478
438
669
479
529
483
394
505
478
461
517
288
400
543
462
475
476
464
423
545
511
499
361
383
466
451
530
545
527
352
509
579
390
488
508
508
470
439
401
593
414
489
603
561
403
416
482
448
396
521
464
418
411
466
426
514
445
469
569
490
452
663
444
667
520
424
361
392
529
436
473
499
500
417
627
457
437
491
576
438
544
466
473
415
559
513
548
518
400
416
505
410
450
378
484
585
421
601
519
524
581
444
308
562
453
482
488
557
382
331
584
363
352
503
510
442
486
559
416
599
460
439
521
646
470
601
518
361
567
521
479
436
536
476
450
473
420
569
526
572
453
465
466
524
547
524
419
455
505
449
336
511
526
484
432
322
555
465
464
509
406
359
478
445
487
547
418
555
378
426
431
423
397
495
673
368
593
450
546
449
501
517
572
545
507
490
456
524
509
660
559
527
494
368
518
386
487
498
560
225
626
592
489
439
434
419
437
443
410
493
583
517
445
511
481
393
404
531
392
462
490
470
414
436
543
502
421
463
555
506
504
507
525
486
448
464
479
415
369
534
456
538
558
409
406
575
509
394
596
552
599
431
519
374
627
518
385
559
391
439
420
529
466
524
613
343
509
466
538
653
531
555
590
392
456
419
482
388
534
473
395
527
456
541
417
529
517
556
590
447
452
346
375
514
501
465
513
450
415
461
467
561
486
291
518
494
475
646
447
380
398
461
470
449
575
425
575
514
488
567
437
475
458
490
452
506
440
570
627
461
341
493
554
458
222
638
471
516
641
413
566
360
511
495
371
553
502
518
443
431
550
511
504
522
557
418
455
399
456
491
461
383
620
547
602
405
446
496
543
446
653
455
236
466
444
549
538
470
401
602
513
517
344
478
415
403
463
581
511
443
472
391
306
634
441
355
485
432
507
409
433
458
474
540
311
654
349
541
480
586
391
435
362
542
309
565
488
469
477
359
626
461
630
478
536
557
368
553
524
471
677
529
289
522
543
434
472
520
284
301
421
499
587
435
658
362
449
445
492
419
454
514
440
373
443
552
653
464
432
418
415
449
443
555
431
418
468
428
461
509
507
587
476
631
547
571
450
581
457
423
545
279
515
459
509
434
466
439
508
394
544
460
579
438
412
491
403
508
562
537
414
536
453
432
529
407
322
407
329
307
481
629
560
399
491
549
519
472
525
483
361
401
478
478
385
414
388
420
415
383
505
582
518
518
514
445
417
530
570
504
585
433
308
360
492
502
440
470
267
393
563
314
501
433
499
432
474
599
473
437
567
454
428
533
476
376
506
585
363
414
357
462
521
461
316
482
403
486
505
465
522
286
428
481
563
506
525
525
401
333
412
417
424
457
405
439
551
487
475
488
554
477
479
435
591
447
529
505
562
422
441
504
279
503
531
453
429
426
347
471
349
233
634
430
392
466
366
513
469
551
385
526
444
402
581
470
492
427
547
489
441
615
524
518
453
225
530
439
307
516
501
486
474
545
427
569
558
432
428
584
490
537
546
463
480
555
449
513
557
342
493
461
483
424
494
500
408
544
478
574
379
509
536
316
433
608
405
497
551
518
684
445
542
329
586
472
580
456
456
418
428
369
617
385
402
473
586
568
326
404
524
348
630
608
498
394
460
440
530
479
442
620
570
460
486
520
423
372
515
611
437
349
410
354
441
653
533
525
401
535
378
429
463
464
511
573
503
496
494
365
366
425
671
512
513
429
495
436
304
402
295
411
478
527
357
466
664
453
533
427
467
307
694
395
555
423
480
481
626
427
330
686
505
576
530
512
426
498
472
379
349
406
442
557
395
395
357
515
412
457
534
443
494
437
396
402
552
384
466
347
526
425
422
454
403
531
468
632
517
445
591
416
378
532
505
413
389
383
528
400
441
545
458
494
659
484
281
497
515
577
412
487
558
387
432
527
493
374
523
559
383
514
607
306
490
506
448
402
409
592
345
640
524
559
545
502
545
467
359
387
469
614
446
482
470
450
449
476
469
533
422
508
511
405
461
424
445
492
548
363
483
471
344
426
510
383
345
398
584
435
634
584
349
613
428
532
656
452
444
477
509
479
324
439
558
452
544
539
562
440
530
396
540
464
514
532
545
511
448
440
546
511
339
428
535
419
450
390
527
430
570
376
447
526
459
466
391
485
529
498
479
478
522
365
470
563
560
485
434
432
472
419
446
468
403
585
468
468
404
376
525
403
370
495
350
298
488
356
499
588
613
553
432
400
411
596
427
428
373
500
520
442
469
596
463
444
440
355
544
621
355
575
443
653
552
574
484
513
535
453
472
462
570
435
513
425
481
430
522
533
472
609
474
430
472
446
500
527
250
495
433
485
398
484
393
554
273
596
483
425
523
430
460
483
517
561
368
502
409
476
400
468
578
464
395
420
373
476
500
374
479
468
597
417
658
460
549
636
487
364
391
503
526
482
531
523
554
515
367
407
510
450
573
335
452
255
555
432
410
518
565
405
296
541
414
406
289
571
452
561
442
498
355
294
588
444
398
603
466
620
537
469
625
539
415
365
574
497
589
343
534
412
470
483
515
438
435
549
430
479
487
470
447
403
416
521
396
352
531
475
401
371
539
502
425
464
451
342
535
456
538
391
453
550
519
443
543
409
540
467
526
415
461
530
468
484
371
468
483
497
563
507
402
458
496
508
516
487
520
549
432
462
441
384
543
618
453
611
437
590
446
586
550
501
388
438
596
613
437
418
530
525
419
482
465
499
417
505
571
542
491
333
557
620
493
386
373
563
550
476
659
441
391
531
615
540
327
578
482
439
491
365
590
471
582
573
389
508
386
382
465
447
363
719
374
368
476
485
426
616
462
392
375
428
547
405
626
625
455
563
586
466
571
399
441
447
536
448
456
423
565
444
344
443
598
370
539
369
543
643
385
491
411
422
503
362
527
269
430
515
415
489
577
470
346
461
474
400
446
472
464
440
424
407
537
439
452
416
434
496
492
428
483
440
470
449
472
397
482
354
417
573
595
472
494
441
574
436
577
508
381
517
517
514
486
456
563
405
413
443
386
433
435
541
700
402
485
390
496
431
657
537
479
418
479
541
426
411
398
505
678
358
428
604
414
433
529
570
472
336
461
493
500
510
641
445
457
459
465
566
354
501
627
484
440
388
447
444
451
417
528
473
316
401
415
412
496
375
557
426
506
321
324
370
472
450
510
563
411
556
438
487
503
566
478
430
566
531
481
709
428
506
522
432
421
493
495
553
498
391
448
556
397
535
419
436
344
505
414
574
647
542
580
569
564
592
421
515
520
582
446
596
429
419
370
498
643
523
441
510
539
465
424
373
412
372
483
487
440
263
440
414
498
558
428
550
463
280
440
557
505
531
530
394
283
291
315
632
343
508
445
457
563
458
496
616
308
471
361
334
453
518
594
611
569
281
537
441
497
585
452
455
505
447
495
533
567
413
368
530
456
452
487
436
488
312
450
409
514
457
358
415
362
338
522
498
450
470
439
590
346
611
420
602
375
471
374
406
305
437
489
364
529
465
511
344
446
414
396
340
496
372
531
370
595
433
534
446
470
604
452
516
415
432
503
395
388
361
362
436
484
419
474
414
540
551
503
469
439
489
540
552
487
576
446
359
634
523
438
505
516
484
474
449
470
479
558
471
310
390
384
586
628
513
453
475
456
390
550
497
423
328
460
552
520
400
389
443
360
418
514
495
564
429
494
409
499
579
504
430
383
376
423
501
387
628
376
507
512
565
389
460
461
453
453
602
427
532
590
457
484
508
579
524
444
522
433
350
613
369
477
458
501
443
477
428
564
522
527
371
413
415
521
304
372
560
353
429
555
490
467
577
616
490
430
532
464
543
541
394
522
445
457
614
427
406
537
498
456
386
455
568
539
456
294
455
485
455
398
470
522
312
524
573
613
452
495
502
472
468
383
548
372
586
479
456
477
467
539
488
625
482
376
511
455
481
454
416
431
493
450
527
440
465
380
534
525
507
489
469
387
692
433
538
559
599
577
396
515
451
334
463
630
404
435
535
449
491
415
480
446
470
376
424
449
338
619
432
278
566
555
528
423
464
517
353
444
471
413
424
479
507
610
489
484
459
607
434
470
491
457
543
451
451
543
433
469
464
539
453
564
494
431
573
395
390
471
442
526
482
338
636
390
495
543
554
329
545
285
483
490
501
323
413
507
434
457
520
356
486
559
474
425
501
309
540
560
405
381
453
395
514
481
507
363
545
459
482
338
385
678
537
463
435
454
577
379
509
430
418
409
547
618
408
431
385
568
583
457
440
476
472
657
479
460
597
603
485
586
479
494
594
600
525
429
343
467
381
572
465
541
484
467
400
382
452
515
541
415
490
522
500
447
521
485
423
369
482
466
479
495
457
479
479
349
494
536
377
484
540
506
564
532
508
345
666
352
457
420
421
316
338
511
420
640
461
503
450
509
587
595
623
593
469
538
357
599
538
560
493
525
391
421
516
570
551
503
440
450
507
434
406
422
461
571
443
516
414
354
594
579
461
537
384
554
460
475
454
510
501
410
508
538
429
522
309
440
525
448
454
437
327
376
529
422
467
467
407
474
435
531
405
497
534
369
449
512
511
425
482
493
635
489
471
427
600
498
493
289
497
390
584
381
379
397
581
574
503
587
514
527
453
452
447
483
598
495
512
405
542
558
440
688
450
512
420
567
572
586
402
492
670
379
466
587
570
538
472
558
425
527
555
432
425
592
447
484
469
547
509
509
583
383
456
316
362
520
436
399
518
485
394
421
549
409
488
363
499
487
562
582
439
585
463
359
478
511
376
389
443
500
496
298
578
582
347
402
482
528
478
618
552
581
437
617
498
494
546
359
589
493
337
486
456
232
467
482
401
512
455
391
451
317
452
562
552
583
386
366
448
543
566
600
515
412
513
508
367
436
561
367
484
348
564
544
468
473
486
648
553
417
490
432
590
336
467
515
608
322
566
439
460
332
438
517
489
491
452
355
464
688
472
383
471
562
494
297
493
384
467
536
473
321
494
550
566
532
519
492
432
644
414
389
588
505
458
445
